2023020222
2023020223
2023020224
2023020225
2023020226
2023020227
2023020228
2023020229
2023020230
2023020231
2023020232
2023020233
2023020234
2023020235
2023020236
2023020237
2023020238
2023020239
2023020240
2023020241
2023020242
2023020243
2023020244
2023020245
2023020246
2023020247
2023020248
2023020249
2023020250
2023020251
2023020252
2023020253

2023020254
2023020255
2023020256
2023020257
2023020258
2023020259
2023020260

2023020261
2023020262
2023020263
2023020264
2023020265
2023020266
2023020267
2023020268
2023020269
2023020270
2023020271
2023020272
2023020273
2023020274
2023020275
2023020276
2023020277
2023020278
2023020279
2023020280
2023020281
2023020282
2023020283
2023020284
2023020285
2023020286
2023020287
2023020288
2023020289
2023020290
2023020291
2023020292
2023020293
2023020294
2023020295
2023020296
2023020297
2023020298
2023020299
2023020300
2023020301
2023020302
2023020303
2023020304
2023020305
2023020306
2023020307
2023020308
2023020309
2023020310
2023020311
2023020312
2023020313
2023020314
2023020315
2023020316





~~~~~~~~~~~~~~~~~~~~~~~~~~~~~~~~~~~~~~~~~~~~~~~~~~~~~~~~~~~






